0.15 0.29 0.32 0.36 0.40 0.42 0.46 0.50 0.56 0.60 0.70 0.86
0.16 0.29 0.33 0.36 0.40 0.42 0.46 0.50 0.56 0.60 0.72 0.87
0.20 0.29 0.33 0.36 0.40 0.42 0.47 0.52 0.56 0.60 0.72 0.88
0.20 0.29 0.33 0.36 0.40 0.44 0.47 0.52 0.56 0.61 0.74 0.88
0.20 0.29 0.33 0.36 0.40 0.44 0.47 0.52 0.56 0.62 0.75 0.95
0.20 0.29 0.33 0.36 0.40 0.44 0.47 0.52 0.56 0.62 0.75 0.96
0.21 0.30 0.33 0.36 0.40 0.44 0.47 0.52 0.56 0.63 0.76 0.96
0.22 0.30 0.33 0.36 0.40 0.44 0.48 0.52 0.56 0.64 0.76 0.99
0.24 0.30 0.33 0.37 0.40 0.44 0.48 0.52 0.56 0.64 0.78 1.01
0.25 0.30 0.34 0.37 0.40 0.44 0.48 0.53 0.57 0.64 0.78 1.02
0.26 0.30 0.34 0.37 0.40 0.44 0.48 0.54 0.57 0.64 0.78 1.02
0.26 0.30 0.34 0.37 0.40 0.44 0.48 0.54 0.58 0.64 0.78 1.04
0.26 0.30 0.34 0.38 0.40 0.45 0.48 0.54 0.58 0.65 0.78 1.08
0.27 0.30 0.34 0.38 0.40 0.45 0.48 0.54 0.58 0.66 0.78 1.11
0.27 0.30 0.34 0.38 0.41 0.45 0.48 0.54 0.58 0.66 0.80 1.20
0.27 0.31 0.34 0.38 0.41 0.45 0.48 0.54 0.59 0.66 0.80 1.28
0.28 0.31 0.34 0.38 0.41 0.45 0.48 0.55 0.59 0.66 0.82 1.64
0.28 0.32 0.35 0.39 0.41 0.45 0.48 0.55 0.59 0.66 0.82 1.66
0.28 0.32 0.35 0.39 0.41 0.46 0.48 0.55 0.59 0.67 0.82 -1
0.28 0.32 0.35 0.39 0.41 0.46 0.49 0.55 0.60 0.67 0.82 -1
0.28 0.32 0.35 0.39 0.41 0.46 0.49 0.55 0.60 0.68 0.83 -1
0.28 0.32 0.35 0.39 0.42 0.46 0.49 0.55 0.60 0.70 0.84 -1
0.28 0.32 0.35 0.40 0.42 0.46 0.50 0.55 0.60 0.70 0.84 -1
0.28 0.32 0.36 0.40 0.42 0.46 0.50 0.55 0.60 0.70 0.84 -1